1039
1114
1373
1573
2395
2795
3137
3464
3592
3901
3942
4021
4402
4501
4631
4880
4934
4937
5228
5240
5311
5609
5814
6042
6201
6221
6392
6491
6603
6624
6768
6929
6959
7184
7408
7439
7550
7722
7768
7909
7987
8487
8489
8593
8767
8811
8880
9065
9165
9208
9217
9394
9606
9628
9818
9970
10009
20666
32968
36594
41157
43848
44324
300518
303441
311149
524942
532337
534167
538313
540915
546560
572739
805716
805945
815660
819299
819816
833234
1051755
1052031
1073899
1080303
1097461
1104451
1113837
1319643
1333696
1340816
1345170
1362976
1363858
1365581
1369828
1576822
1609864
1615607
1627847
1850355
1852441
1859371
1864717
1867493
1880055
1883577
1899112
2100424
2117247
2124775
2140747
2153702
2155818
2386280
2625659
2631773
2632882
2636674
2654344
2672270
2682450
2895923
2928733
3163802
3191966
3192258
3210344
3409924
3410483
3430240
3446386
3467412
3703621
3708141
3939844
3946374
3950296
3955953
3966058
4200095
4210572
4213251
4218242
4234189
4494588
4498798
4502317
4722412
4750638
4775180
4779532
4782259
4981059
5005534
5021439
5031230
5246965
5254003
5258922
5261934
5269488
5270019
5291359
5294015
5297399
5300281
5307012
5535125
5538618
5547779
5552138
5556239
5564156
5795215
5802995
5821806
5822933
6054847
6056576
6064538
6071740
6085016
6087308
6091947
6304151
6304433
6306428
6315917
6316876
6349607
6575617
6579891
6581911
6582274
6834806
6848372
6881147
7084431
7107104
7122678
7123150
7137395
7360343
7365304
7603621
7619585
7648950
7658120
7658202
7662138
7877147
7881981
7885870
7905542
7918228
8162250
8172955
8398473
8402803
8423703
8425245
8444435
8448519
8656633
8657758
8694428
8702386
8706075
8922515
8957120
9183498
9190317
9197939
9217759
9473400
9475300
9481755
9498472
9500242
9702509
9755059
9964903
9979943
10000337
10017476
10018512
10026001
10232170
10239439
10266133
10275307
10277741
10278467
10486880
10494391
10502304
10511249
10529563
10544331
10548161
10759052
10759088
10761175
11015501
11032398
11306182
11322978
11334111
11549014
11552508
11552890
11554342
11567033
11572597
11572622
11580124
11581834
11583094
11584852
11591617
11800379
12073480
12100486
12113190
12119203
12122243
12124083
12324762
12338841
12359953
12363025
12373839
12374391
12383877
12592617
12598745
12599054
12601856
12607768
12624059
12632512
12641325
12648404
12846101
12849909
12860871
12873247
12874068
12888093
12904714
12904836
13057725
13122101
13128779
13134983
13153139
13155865
13161379
13162265
13371643
13380897
13382373
13382697
13385936
13393230
13414997
13423777
13430236
13645637
13661927
13682624
13893997
13921806
14157750
14159127
14161165
14168596
14174002
14179660
14192938
14206584
14221027
14418039
14479113
14482968
14681541
14696758
14698138
14717429
14948459
14970643
14986121
14996274
15004870
15218554
15230420
15242486
15256600
15261223
15269039
15468651
15472431
15475328
15476426
15483894
15501455
15511008
15760744
15774930
15790902
16024525
16026859
16051256
16052845
16259687
16282516
16300991
16301070
16306449
16312579
16545046
16570163
16577832